-320707.106296
-320703.560772
-320697.137611
-320684.327150
-320658.065411
-320603.437536
-320488.794188
-320249.596146
-319771.268648
-318909.772668
-317575.852680
-315725.350400
-313242.739302
-310165.745065
-306934.657452
-303726.636625
-300878.622521
-298734.851185
-296860.008053
-295216.734629
-293658.103306
-291914.998136
-289825.178936
-287562.405192
-285557.413236
-283954.343792
-282591.032339
-281245.839730
-279597.038796
-277069.202685
-273517.174681
-270688.694477
-269250.019151
-268424.081035
-267890.007168
-267559.757613
-267359.682198
-267231.292795
-267140.541388
-267069.552187
-267008.607243
-266951.972552
-266895.869098
-266837.415629
-266774.040701
-266703.106032
-266621.516371
-266524.941770
-266405.788203
-266247.715536
-266010.711914
-265591.112994
-264744.407707
-263184.265096
-261355.395272
-260014.239439
-258617.701857
-257016.866404
-256012.634069
-255570.805928
-255339.110430
-255191.011490
-255085.153054
-255003.991581
-254938.189487
-254881.884215
-254831.018323
-254782.626704
-254734.425788
-254684.523566
-254631.209749
-254572.800210
-254507.498663
-254433.246528
-254347.581908
-254247.641282
-254130.623891
-253995.208667
-253844.132934
-253686.643515
-253537.402559
-253409.893966
-253309.295333
-253232.044795
-253171.025646
-253119.975565
-253074.703638
-253032.679501
-252992.578600
-252954.142525
-252918.000037
-252885.160192
-252856.430068
-252832.127110
-252812.091944
-252795.841160
-252782.742524
-252772.151630
-252763.491727
-252756.285393
-252750.155631
-252744.811982
-252740.031978
-252735.643052
-252731.505611
-252727.495596
-252723.485979
-252719.328486
-252714.834386
-252709.747099
-252703.692181
-252696.076593
-252685.872963
-252671.125562
-252647.730911
-252606.178618
-252522.228841
-252330.483389
-251870.544352
-250907.014955
-249415.655423
-247632.371120
-246048.557987
-245378.746456
-245280.526185
-245268.843505
-245264.713181
-245261.727644
-245259.220921
-245257.041251
-245255.111894
-245253.377689
-245251.797766
-245250.343392
-245248.995114
-245247.739818
-245246.568437
-245245.474383
-245244.452547
-245243.498692
-245242.609082
-245241.780266
-245241.008959
-245240.291973
-245239.626192
-245239.008564
-245238.436102
-245237.905898
-245237.415132
-245236.961090
-245236.541172
-245236.152904
-245235.793941
-245235.462075
-245235.155234
-245234.871481
-245234.609014
-245234.366162
-245234.141376
-245233.933225
-245233.740393
-245233.561665
-245233.395927
-245233.242152
-245233.099402
-245232.966813
-245232.843594
-245232.729018
-245232.622419
-245232.523187
-245232.430760
-245232.344624
-245232.264305
-245232.189371
-245232.119420
-245232.054086
-245231.993032
-245231.935945
-245231.882540
-245231.832552
-245231.785738
-245231.741874
-245231.700751
-245231.662178
-245231.625979
-245231.591989
-245231.560058
-245231.530045
-245231.501820
-245231.475264
-245231.450264
-245231.426718
-245231.404530
-245231.383611
-245231.363878
-245231.345254
-245231.327669
-245231.311055
-245231.295352
-245231.280502
