-1894994.714127
-1391331.807178
-1078592.889395
-1030948.278490
-1020638.110535
-1016265.324470
-1008962.885426
-996658.803368
-991753.736642
-990193.759078
-988998.386782
-988258.321606
-987552.367011
-987046.495023
-986724.918472
-986547.999096
-986476.839686
-986422.912597
-986359.155680
-986261.742215
-986077.095690
-985819.699092
-985684.024140
-985659.067696
-985654.240536
-985651.847709
-985650.185715
-985648.873534
-985647.766746
-985646.806141
-985645.971831
-985645.261086
-985644.674654
-985644.208873
-985643.853142
-985643.591386
-985643.405193
-985643.276707
-985643.190407
-985643.133814
-985643.097472
-985643.074552
-985643.060315
-985643.051583
-985643.046282
-985643.043091
-985643.041182
-985643.040046
-985643.039373
-985643.038975
-985643.038741
-985643.038603
-985643.038522
-985643.038475
-985643.038447
-985643.038431
-985643.038421
-985643.038416
-985643.038412
-985643.038411
-985643.038409
-985643.038409
-985643.038408
-985643.038408
-985643.038408
-985643.038408
-985643.038408
-985643.038408
-985643.038408
-985643.038408
-985643.038408
-985643.038408
-985643.038408
-985643.038408
-985643.038408
-985643.038408
-985643.038408
-985643.038408
-985643.038408
-985643.038408
-985643.038407
-985643.038407
-985643.038407
-985643.038407
-985643.038407
-985643.038407
-985643.038407
-985643.038407
-985643.038407
-985643.038407
-985643.038407
-985643.038407
-985643.038407
-985643.038407
-985643.038407
-985643.038407
-985643.038407
-985643.038407
-985643.038407
-985643.038407
-985643.038407
-985643.038406
-985643.038406
-985643.038406
-985643.038406
-985643.038406
-985643.038406
-985643.038406
-985643.038406
-985643.038406
-985643.038405
-985643.038405
-985643.038405
-985643.038405
-985643.038405
-985643.038405
-985643.038405
-985643.038404
-985643.038404
-985643.038404
-985643.038404
-985643.038403
-985643.038403
-985643.038403
-985643.038403
-985643.038402
-985643.038402
-985643.038402
-985643.038401
-985643.038401
-985643.038401
-985643.038400
-985643.038400
-985643.038399
-985643.038399
-985643.038398
-985643.038398
-985643.038397
-985643.038397
-985643.038396
-985643.038395
-985643.038395
-985643.038394
-985643.038393
-985643.038392
-985643.038391
-985643.038391
-985643.038390
-985643.038389
-985643.038388
-985643.038386
-985643.038385
-985643.038384
-985643.038383
-985643.038381
-985643.038380
-985643.038378
-985643.038377
-985643.038375
-985643.038373
-985643.038371
-985643.038369
-985643.038367
-985643.038365
-985643.038363
-985643.038360
-985643.038358
-985643.038355
-985643.038352
-985643.038349
-985643.038346
-985643.038342
-985643.038339
-985643.038335
-985643.038331
-985643.038327
-985643.038323
-985643.038318
-985643.038314
-985643.038309
-985643.038303
-985643.038298
-985643.038292
-985643.038286
-985643.038280
-985643.038273
-985643.038266
-985643.038259
-985643.038251
-985643.038243
-985643.038235
-985643.038226
-985643.038217
-985643.038208
-985643.038198
-985643.038187
-985643.038177
-985643.038165
-985643.038154
-985643.038141
