-293469.276251
-293242.354545
-292452.634940
-289749.867989
-281242.380188
-261971.646252
-241792.235285
-230351.272935
-224665.657409
-221711.534271
-220007.870069
-218995.051129
-218443.510250
-218130.580059
-217940.760122
-217824.326027
-217747.284701
-217685.952386
-217625.777761
-217558.801871
-217482.890685
-217397.827950
-217294.869546
-217151.791220
-216933.859143
-216606.230028
-216145.264577
-215497.969869
-214695.538424
-214088.680510
-213810.151836
-213662.199815
-213526.510492
-213389.533755
-213274.939521
-213194.946023
-213143.991533
-213112.698444
-213093.674488
-213081.991673
-213074.639676
-213069.867095
-213066.668957
-213064.462024
-213062.898913
-213061.765951
-213060.927363
-213060.294292
-213059.807146
-213059.425193
-213059.120176
-213058.872206
-213058.667023
-213058.494137
-213058.345649
-213058.215578
-213058.099543
-213057.994627
-213057.899223
-213057.812781
-213057.735408
-213057.667406
-213057.608879
-213057.559518
-213057.518580
-213057.485011
-213057.457627
-213057.435271
-213057.416909
-213057.401683
-213057.388909
-213057.378059
-213057.368736
-213057.360640
-213057.353547
-213057.347285
-213057.341724
-213057.336762
-213057.332317
-213057.328322
-213057.324724
-213057.321476
-213057.318538
-213057.315878
-213057.313466
-213057.311276
-213057.309285
-213057.307475
-213057.305826
-213057.304324
-213057.302953
-213057.301702
-213057.300560
-213057.299515
-213057.298559
-213057.297683
-213057.296881
-213057.296146
-213057.295470
-213057.294850
-213057.294279
-213057.293754
-213057.293270
-213057.292824
-213057.292413
-213057.292032
-213057.291680
-213057.291354
-213057.291052
-213057.290771
-213057.290510
-213057.290267
-213057.290040
-213057.289828
-213057.289629
-213057.289442
-213057.289267
-213057.289102
-213057.288946
-213057.288798
-213057.288657
-213057.288523
-213057.288395
-213057.288272
-213057.288153
-213057.288039
-213057.287928
-213057.287820
-213057.287714
-213057.287610
-213057.287507
-213057.287406
-213057.287305
-213057.287204
-213057.287103
-213057.287001
-213057.286898
-213057.286793
-213057.286687
-213057.286578
-213057.286467
-213057.286353
-213057.286235
-213057.286114
-213057.285989
-213057.285859
-213057.285725
-213057.285586
-213057.285441
-213057.285291
