-293396.359566
-292960.744655
-291333.045193
-285907.318906
-272761.366165
-253864.055297
-240191.191433
-231922.228893
-226014.862198
-221977.234327
-219926.165117
-219070.845259
-218763.558047
-218639.359677
-218580.128122
-218549.268575
-218532.065518
-218521.744895
-218515.029245
-218510.273794
-218506.619506
-218503.598318
-218500.944500
-218498.501660
-218496.175265
-218493.907522
-218491.663605
-218489.423855
-218487.179201
-218484.928356
-218482.675981
-218480.431357
-218478.207284
-218476.019050
-218473.883378
-218471.817317
-218469.837106
-218467.957091
-218466.188840
-218464.540542
-218463.016767
-218461.618555
-218460.343751
-218459.187498
-218458.142775
-218457.200947
-218456.352245
-218455.586181
-218454.891865
-218454.258224
-218453.674127
-218453.128432
-218452.609972
-218452.107521
-218451.609781
-218451.105282
-218450.581805
-218450.024605
-218449.412717
-218448.712861
-218447.869985
-218446.790854
-218445.311361
-218443.125508
-218439.623174
-218433.516242
-218422.093638
-218400.740043
-218366.990216
-218330.208937
-218304.448368
-218291.369520
-218285.644312
-218283.241530
-218282.219237
-218281.758644
-218281.529251
-218281.398865
-218281.314068
-218281.252650
-218281.204882
-218281.166135
-218281.133952
-218281.106855
-218281.083851
-218281.064218
-218281.047397
-218281.032944
-218281.020496
-218281.009753
-218281.000464
-218280.992419
-218280.985440
-218280.979377
-218280.974101
-218280.969502
-218280.965488
-218280.961978
-218280.958904
-218280.956208
-218280.953837
-218280.951749
-218280.949907
-218280.948279
-218280.946835
-218280.945553
-218280.944412
-218280.943393
-218280.942482
-218280.941664
-218280.940929
-218280.940267
-218280.939667
-218280.939124
-218280.938630
-218280.938179
-218280.937767
-218280.937390
-218280.937043
-218280.936723
-218280.936427
-218280.936154
-218280.935899
-218280.935663
-218280.935442
-218280.935236
-218280.935042
-218280.934861
-218280.934690
-218280.934529
-218280.934378
-218280.934235
-218280.934099
-218280.933970
-218280.933848
-218280.933733
-218280.933623
-218280.933518
-218280.933418
-218280.933323
-218280.933232
-218280.933145
-218280.933062
-218280.932983
-218280.932907
-218280.932834
-218280.932764
-218280.932698
-218280.932634
-218280.932572
