-293430.782363
-293122.920369
-292069.128526
-288596.226491
-278707.750951
-259874.632722
-243197.966772
-234012.861443
-228500.493393
-224559.458945
-221634.658714
-219756.322689
-218658.782818
-217988.574812
-217472.003277
-216919.119870
-216263.893487
-215570.361883
-214984.513105
-214561.864971
-214255.714379
-214042.382214
-213908.633010
-213823.068189
-213755.859218
-213690.415566
-213628.274033
-213581.395951
-213552.364570
-213535.350158
-213525.088236
-213518.629841
-213514.430500
-213511.638172
-213509.750850
-213508.458015
-213507.561528
-213506.932425
-213506.485603
-213506.164291
-213505.930263
-213505.757555
-213505.628372
-213505.530420
-213505.455125
-213505.396454
-213505.350124
-213505.313065
-213505.283052
-213505.258460
-213505.238088
-213505.221040
-213505.206637
-213505.194364
-213505.183823
-213505.174704
-213505.166764
-213505.159810
-213505.153684
-213505.148263
-213505.143443
-213505.139140
-213505.135283
-213505.131816
-213505.128687
-213505.125856
-213505.123288
-213505.120952
-213505.118821
-213505.116875
-213505.115092
-213505.113457
-213505.111953
-213505.110569
-213505.109292
-213505.108112
-213505.107021
-213505.106009
-213505.105070
-213505.104198
-213505.103386
-213505.102630
-213505.101924
-213505.101265
-213505.100648
-213505.100071
-213505.099530
-213505.099021
-213505.098544
-213505.098095
-213505.097672
-213505.097273
-213505.096896
-213505.096540
-213505.096204
-213505.095885
-213505.095583
-213505.095297
-213505.095025
-213505.094767
-213505.094521
-213505.094287
-213505.094064
-213505.093851
-213505.093648
-213505.093454
-213505.093268
-213505.093091
-213505.092921
-213505.092758
-213505.092601
-213505.092451
-213505.092307
-213505.092168
-213505.092035
-213505.091906
-213505.091783
-213505.091663
-213505.091548
-213505.091437
-213505.091329
-213505.091226
-213505.091125
-213505.091028
-213505.090934
-213505.090842
-213505.090754
-213505.090668
-213505.090584
-213505.090503
-213505.090424
-213505.090348
-213505.090273
-213505.090200
-213505.090130
-213505.090060
-213505.089993
-213505.089927
-213505.089863
-213505.089801
-213505.089739
-213505.089679
-213505.089621
-213505.089564
-213505.089508
-213505.089453
-213505.089399
-213505.089346
-213505.089294
-213505.089243
