-293479.444938
-293275.305292
-292545.636958
-289935.536030
-281654.650171
-263904.023290
-248155.970288
-240794.746440
-236544.741520
-233699.722480
-231633.308308
-230275.938481
-229369.498579
-228681.148847
-228070.608212
-227294.012578
-226513.772997
-225870.673833
-225259.619560
-224648.343715
-223927.246149
-223063.768595
-221414.219211
-219592.170326
-218792.858139
-218553.741378
-218485.131896
-218421.328999
-218353.722030
-218325.389981
-218313.378227
-218307.099499
-218303.379456
-218300.985818
-218299.353850
-218298.181492
-218297.297066
-218296.605280
-218296.055959
-218295.620253
-218295.275602
-218295.001229
-218294.779136
-218294.595259
-218294.439373
-218294.304309
-218294.185108
-218294.078335
-218293.981603
-218293.893234
-218293.812032
-218293.737130
-218293.667878
-218293.603772
-218293.544400
-218293.489413
-218293.438494
-218293.391355
-218293.347719
-218293.307324
-218293.269916
-218293.235255
-218293.203112
-218293.173270
-218293.145527
-218293.119698
-218293.095610
-218293.073106
-218293.052045
-218293.032297
-218293.013746
-218292.996290
-218292.979834
-218292.964296
-218292.949601
-218292.935683
-218292.922482
-218292.909945
-218292.898024
-218292.886676
-218292.875861
-218292.865545
-218292.855696
-218292.846285
-218292.837285
-218292.828672
-218292.820424
-218292.812521
-218292.804944
-218292.797675
-218292.790699
-218292.784000
-218292.777565
-218292.771381
-218292.765435
-218292.759716
-218292.754215
-218292.748920
-218292.743822
-218292.738913
-218292.734184
-218292.729628
-218292.725237
-218292.721004
-218292.716922
-218292.712985
-218292.709188
-218292.705524
-218292.701988
-218292.698575
-218292.695281
-218292.692099
-218292.689027
-218292.686060
-218292.683193
-218292.680424
-218292.677748
-218292.675161
-218292.672661
-218292.670245
-218292.667908
-218292.665649
-218292.663464
-218292.661351
-218292.659307
-218292.657330
-218292.655417
-218292.653566
-218292.651775
-218292.650042
-218292.648364
-218292.646741
-218292.645169
-218292.643647
-218292.642174
-218292.640748
-218292.639367
-218292.638029
-218292.636734
-218292.635479
-218292.634264
-218292.633086
-218292.631946
-218292.630841
-218292.629771
-218292.628734
-218292.627729
-218292.626755
-218292.625812
-218292.624897
