-293383.974810
-292950.811186
-291305.102880
-285141.689385
-269548.393500
-250646.525704
-239409.789540
-232858.943717
-227438.695217
-223664.210597
-220941.331331
-218835.266568
-217492.977949
-216560.258142
-215792.653571
-215194.679453
-214722.095781
-214307.346507
-214046.473386
-213918.996014
-213848.344512
-213805.612627
-213779.286274
-213762.248686
-213750.363466
-213741.454062
-213734.351642
-213728.384929
-213723.144251
-213718.371741
-213713.905362
-213709.646378
-213705.536999
-213701.542684
-213697.638642
-213693.801521
-213690.005337
-213686.218625
-213682.399281
-213678.481876
-213674.343740
-213669.706022
-213663.854201
-213655.288428
-213644.262161
-213635.990611
-213630.229449
-213624.335483
-213618.158900
-213612.552423
-213607.216067
-213601.835172
-213596.322606
-213590.689901
-213584.993199
-213579.316465
-213573.761240
-213568.434982
-213563.438687
-213558.856375
-213554.747927
-213551.145572
-213548.053977
-213545.453537
-213543.305940
-213541.560740
-213540.161688
-213539.051987
-213538.178071
-213537.491914
-213536.952140
-213536.524284
-213536.180516
-213535.899110
-213535.663789
-213535.463006
-213535.289139
-213535.137584
-213535.005774
-213534.892231
-213534.795802
-213534.715179
-213534.648741
-213534.594611
-213534.550821
-213534.515486
-213534.486923
-213534.463711
-213534.444694
-213534.428961
-213534.415806
-213534.404687
-213534.395191
-213534.387003
-213534.379879
-213534.373631
-213534.368111
-213534.363205
-213534.358817
-213534.354872
-213534.351308
-213534.348074
-213534.345126
-213534.342430
-213534.339953
-213534.337669
-213534.335556
-213534.333594
-213534.331766
-213534.330058
-213534.328455
-213534.326947
-213534.325524
-213534.324177
-213534.322897
-213534.321679
-213534.320515
-213534.319402
-213534.318333
-213534.317304
-213534.316313
-213534.315355
-213534.314428
-213534.313528
-213534.312655
-213534.311806
-213534.310978
-213534.310172
-213534.309384
-213534.308615
-213534.307863
-213534.307128
-213534.306408
-213534.305703
-213534.305013
-213534.304337
-213534.303675
-213534.303027
-213534.302392
-213534.301770
-213534.301162
-213534.300566
-213534.299983
-213534.299414
-213534.298857
-213534.298313
-213534.297782
-213534.297264
-213534.296759
-213534.296267
